0.725 0 0 0.000
1.451 0 0 0.000
2.240 0 0 0.000
3.115 0 0 0.000
3.968 0 0 0.000
4.757 0 0 0.000
5.568 0 0 0.000
6.464 0 0 0.000
7.275 0 0 0.000
8.085 0 0 0.000
8.896 0 0 0.000
9.771 0 0 0.000
10.581 0 0 0.000
11.435 0 0 0.000
12.245 0 0 0.000
13.099 0 0 0.000
13.525 1 0 0.000
13.909 1 0 0.000
14.315 1 0 0.000
14.720 1 0 0.000
15.061 1 0 0.000
15.445 1 0 0.000
15.872 1 0 0.000
16.213 1 0 0.000
16.576 1 0 0.000
17.003 1 0 0.000
17.408 1 0 0.000
17.771 1 0 0.000
18.133 1 0 0.000
18.539 1 0 0.000
18.965 1 0 0.000
19.285 1 0 0.000
