0.000 1 0 0.000
0.200 0 0 0.000
0.800 0 0 0.000
1.200 0 0 0.000
1.600 0 0 0.000
1.800 1 0 0.000
2.400 1 0 0.000
2.800 1 0 0.000
3.200 1 0 0.000
3.400 0 0 0.000
4.000 0 0 0.000
4.400 0 0 0.000
4.800 0 0 0.000
5.000 1 0 0.000
5.200 0 0 0.000
5.400 1 0 0.000
5.600 0 0 0.000
5.800 1 0 0.000
6.000 0 0 0.000
6.200 1 0 0.000
6.400 1 0 0.000
6.600 0 0 0.000
7.200 0 0 0.000
7.600 0 0 0.000
8.000 0 0 0.000
8.200 1 0 0.000
8.800 1 0 0.000
9.200 1 0 0.000
9.600 0 0 0.000
9.800 1 0 0.000
10.000 1 0 0.000
10.200 0 0 0.000
10.400 0 0 0.000
10.600 1 0 0.000
10.800 1 0 0.000
11.000 0 0 0.000
11.200 0 0 0.000
11.400 1 0 0.000
11.600 1 0 0.000
11.800 0 0 0.000
12.000 0 0 0.000
12.200 1 0 0.000
12.400 1 0 0.000
12.600 0 0 0.000
12.800 1 0 0.000
13.000 0 0 0.000
13.600 0 1 0.000
14.000 0 1 0.000
14.400 0 0 0.000
14.600 1 0 0.000
15.200 0 1 0.000
15.600 0 1 0.000
16.000 1 0 0.000
16.200 0 0 0.000
16.800 0 1 0.000
17.200 0 1 0.000
17.600 0 0 0.000
17.800 1 0 0.000
18.000 0 0 0.000
18.200 1 0 0.000
18.400 0 0 0.000
18.600 1 0 0.000
18.800 0 0 0.000
19.000 1 0 0.000
19.200 1 0 0.000
19.400 0 0 0.000
20.000 0 1 0.000
20.400 0 1 0.000
20.800 0 0 0.000
21.000 1 0 0.000
21.600 0 1 0.000
22.000 0 1 0.000
22.400 0 0 0.000
22.600 1 0 0.000
22.800 1 0 0.000
23.000 0 0 0.000
23.200 0 0 0.000
23.400 1 0 0.000
23.600 1 0 0.000
23.800 0 0 0.000
24.000 0 0 0.000
24.200 1 0 0.000
24.400 1 0 0.000
24.600 0 0 0.000
24.800 0 0 0.000
25.000 1 0 0.000
25.200 1 0 0.000
25.400 0 0 0.000
25.600 1 0 0.000
26.000 0 0 0.000
26.200 0 0 0.000
26.800 1 0 0.000
27.200 0 0 0.000
27.400 0 0 0.000
27.600 1 0 0.000
27.800 1 0 0.000
28.000 0 0 0.000
28.200 0 0 0.000
28.400 1 0 0.000
28.600 1 0 0.000
28.800 1 0 0.000
29.200 0 0 0.000
29.400 1 0 0.000
30.000 0 0 0.000
30.400 1 0 0.000
30.600 1 0 0.000
30.800 0 0 0.000
31.000 0 0 0.000
31.200 0 0 0.000
31.400 0 0 0.000
31.600 1 0 0.000
31.800 1 0 0.000
32.000 1 0 0.000
32.400 0 0 0.000
32.600 0 0 0.000
33.200 1 0 0.000
33.600 0 0 0.000
33.800 0 0 0.000
34.000 1 0 0.000
34.200 1 0 0.000
34.400 0 0 0.000
34.600 0 0 0.000
34.800 1 0 0.000
35.000 1 0 0.000
35.200 0 0 0.000
35.400 1 0 0.000
35.600 1 0 0.000
35.800 0 0 0.000
36.000 0 0 0.000
36.200 1 0 0.000
36.400 1 0 0.000
36.600 0 0 0.000
36.800 0 0 0.000
37.000 1 0 0.000
37.200 1 0 0.000
37.400 0 0 0.000
37.600 0 0 0.000
37.800 1 0 0.000
38.000 1 0 0.000
38.200 0 0 0.000
38.400 1 0 0.000
38.600 0 0 0.000
39.200 0 1 0.000
39.600 0 1 0.000
40.000 0 0 0.000
40.200 1 0 0.000
40.800 0 1 0.000
41.400 0 1 0.000
41.600 1 0 0.000
41.800 0 0 0.000
42.400 0 1 0.000
42.800 0 1 0.000
43.200 0 0 0.000
43.400 1 0 0.000
43.600 0 0 0.000
43.800 1 0 0.000
44.000 0 0 0.000
44.200 1 0 0.000
44.400 0 0 0.000
44.600 1 0 0.000
44.800 1 0 0.000
45.000 0 0 0.000
45.600 0 1 0.000
46.000 0 1 0.000
46.400 0 0 0.000
46.600 1 0 0.000
47.200 0 1 0.000
47.600 0 1 0.000
48.000 0 0 0.000
48.200 1 0 0.000
48.400 1 0 0.000
48.600 0 0 0.000
48.800 0 0 0.000
49.000 1 0 0.000
49.200 1 0 0.000
49.400 0 0 0.000
49.600 0 0 0.000
49.800 1 0 0.000
50.000 1 0 0.000
50.200 0 0 0.000
50.400 0 0 0.000
50.600 1 0 0.000
50.800 1 0 0.000
51.000 0 0 0.000
51.200 1 0 0.000
51.400 0 0 0.000
52.000 0 1 0.000
52.400 0 1 0.000
52.800 0 0 0.000
53.000 1 0 0.000
53.600 0 1 0.000
54.000 0 1 0.000
54.400 1 0 0.000
54.600 0 0 0.000
55.200 0 1 0.000
55.600 0 1 0.000
56.000 0 0 0.000
56.200 1 0 0.000
56.400 0 0 0.000
56.600 1 0 0.000
56.800 0 0 0.000
57.000 1 0 0.000
57.200 0 0 0.000
57.400 1 0 0.000
57.600 1 0 0.000
57.800 0 0 0.000
58.400 0 1 0.000
58.800 0 1 0.000
59.200 0 0 0.000
59.400 1 0 0.000
60.000 0 1 0.000
60.400 0 1 0.000
60.800 0 0 0.000
61.000 1 0 0.000
61.200 1 0 0.000
61.400 0 0 0.000
61.600 0 0 0.000
61.800 1 0 0.000
62.000 1 0 0.000
62.200 0 0 0.000
62.400 0 0 0.000
62.600 1 0 0.000
62.800 1 0 0.000
63.000 0 0 0.000
63.200 0 0 0.000
63.400 1 0 0.000
63.600 1 0 0.000
63.800 0 0 0.000
64.000 1 0 0.000
64.400 0 0 0.000
64.600 1 0 0.000
65.200 0 0 0.000
65.600 0 0 0.000
65.800 0 0 0.000
66.000 1 0 0.000
66.200 1 0 0.000
66.400 0 0 0.000
66.600 0 0 0.000
66.800 1 0 0.000
67.000 1 0 0.000
67.200 1 0 0.000
67.600 0 0 0.000
67.800 1 0 0.000
68.400 0 0 0.000
68.800 1 0 0.000
69.000 1 0 0.000
69.200 0 0 0.000
69.400 0 0 0.000
69.600 0 0 0.000
69.800 0 0 0.000
70.000 1 0 0.000
70.200 1 0 0.000
70.400 1 0 0.000
70.800 0 0 0.000
71.000 0 0 0.000
71.600 1 0 0.000
72.000 0 0 0.000
72.200 0 0 0.000
72.400 1 0 0.000
72.600 1 0 0.000
72.800 0 0 0.000
73.000 0 0 0.000
73.200 1 0 0.000
73.400 1 0 0.000
73.600 0 0 0.000
73.800 1 0 0.000
74.000 0 1 0.000
74.200 0 0 0.000
74.400 0 0 0.000
74.600 1 0 0.000
74.800 0 1 0.000
75.000 0 0 0.000
75.200 0 0 0.000
75.400 1 0 0.000
75.600 0 1 0.000
75.800 0 0 0.000
76.000 0 0 0.000
76.200 1 0 0.000
76.400 0 1 0.000
76.600 0 0 0.000
