0.000 0 0 0.000
0.834 1 0 0.000
1.834 0 0 0.000
2.500 1 0 0.000
3.667 1 0 0.000
4.500 0 0 0.000
5.333 1 0 0.000
6.333 1 0 0.000
7.167 1 0 0.000

7.834 1 0 0.000
8.500 0 0 0.000
9.000 1 0 0.000

9.834 0 0 0.000
10.000 1 0 0.000
10.167 0 0 0.000


	10.667 0 0 0.000
10.834 1 0 0.000
11.000 0 0 0.000
11.167 1 0 0.000
11.500 0 0 0.000
11.667 1 0 0.000
11.834 0 0 0.000
	12.167 0 1 0.000
	12.834 0 1 0.000
13.333 0 0 0.000
13.500 1 0 0.000
13.667 0 0 0.000
13.834 1 0 0.000
14.167 0 0 0.000
14.333 1 0 0.000
14.500 0 0 0.000
	14.834 0 1 0.000
	15.500 0 1 0.000
16.000 0 0 0.000
16.167 1 0 0.000
16.333 0 0 0.000
16.500 1 0 0.000
17.333 0 0 0.000
17.500 1 0 0.000
17.667 0 0 0.000
17.834 1 0 0.000
18.500 0 0 0.000
19.000 0 0 0.000
19.500 0 0 0.000

	21.333 0 0 0.000
21.500 1 0 0.000
21.667 0 0 0.000
21.834 1 0 0.000
22.167 0 0 0.000
22.333 1 0 0.000
22.500 0 0 0.000
	22.834 0 1 0.000
	23.500 0 1 0.000
24.000 0 0 0.000
24.167 1 0 0.000
24.333 0 0 0.000
24.500 1 0 0.000
24.834 0 0 0.000
25.000 1 0 0.000
25.167 0 0 0.000
	25.500 0 1 0.000
	26.167 0 1 0.000
26.667 0 0 0.000
26.834 1 0 0.000
27.000 0 0 0.000
27.167 1 0 0.000
28.000 0 0 0.000
28.167 1 0 0.000
28.333 0 0 0.000
28.500 1 0 0.000
29.167 0 1 0.000
29.667 0 1 0.000
30.167 0 1 0.000

	32.000 0 0 0.000
32.167 1 0 0.000
32.834 0 0 0.000
33.000 1 0 0.000
33.167 0 0 0.000
34.667 0 0 0.000
34.834 1 0 0.000
35.500 0 0 0.000
35.667 1 0 0.000
35.834 0 0 0.000
	37.333 0 0 0.000
37.500 1 0 0.000
37.667 0 0 0.000
37.834 1 0 0.000
38.667 0 0 0.000
38.834 1 0 0.000
39.000 0 0 0.000
39.167 1 0 0.000
39.834 0 0 0.000
40.333 0 0 0.000
40.834 0 0 0.000

	42.667 0 0 0.000
42.834 1 0 0.000
43.167 0 1 0.000
43.500 0 0 0.000
43.667 1 0 0.000
43.834 0 0 0.000
45.333 0 0 0.000
45.500 1 0 0.000
45.834 0 1 0.000
46.167 0 0 0.000
46.333 1 0 0.000
46.500 0 0 0.000
	48.000 0 0 0.000
48.167 1 0 0.000
48.333 0 0 0.000
48.500 1 0 0.000
49.333 0 0 0.000
49.500 1 0 0.000
49.667 0 0 0.000
49.834 1 0 0.000
50.500 0 0 0.000
51.000 0 0 0.000
51.500 0 0 0.000

	53.333 0 0 0.000
53.500 1 0 0.000
53.834 0 1 0.000
54.167 0 0 0.000
54.333 1 0 0.000
54.500 0 0 0.000
	54.834 0 1 0.000
	55.500 0 1 0.000
56.000 0 0 0.000
56.167 1 0 0.000
56.500 0 1 0.000
56.834 0 0 0.000
57.000 1 0 0.000
57.167 0 0 0.000
	57.500 0 1 0.000
	58.167 0 1 0.000
58.667 0 0 0.000
58.834 1 0 0.000
59.000 0 0 0.000
59.167 1 0 0.000
60.000 0 0 0.000
60.167 1 0 0.000
60.333 0 0 0.000
60.500 1 0 0.000
61.167 0 0 0.000
61.667 0 0 0.000
62.167 0 0 0.000

85.333 0 0 0.000
85.500 1 0 0.000
85.667 0 0 0.000
85.834 1 0 0.000
86.167 0 0 0.000
86.333 1 0 0.000
86.500 0 0 0.000
	86.834 0 1 0.000
	87.500 0 1 0.000
88.000 0 0 0.000
88.167 1 0 0.000
88.333 0 0 0.000
88.500 1 0 0.000
88.834 0 0 0.000
89.000 1 0 0.000
89.167 0 0 0.000
	89.500 0 1 0.000
	90.167 0 1 0.000
90.667 0 0 0.000
90.834 1 0 0.000
91.000 0 0 0.000
91.167 1 0 0.000
92.000 0 0 0.000
92.167 1 0 0.000
92.333 0 0 0.000
92.500 1 0 0.000
93.167 0 1 0.000
93.667 0 1 0.000
94.167 0 1 0.000

	96.000 0 0 0.000
96.167 1 0 0.000
96.333 0 0 0.000
96.500 1 0 0.000
96.834 0 0 0.000
97.000 1 0 0.000
97.167 0 0 0.000
98.667 0 0 0.000
98.834 1 0 0.000
99.000 0 0 0.000
99.167 1 0 0.000
99.500 0 0 0.000
99.667 1 0 0.000
99.834 0 0 0.000
	101.333 0 0 0.000
101.500 1 0 0.000
101.667 0 0 0.000
101.834 1 0 0.000
102.667 0 0 0.000
102.834 1 0 0.000
103.000 0 0 0.000
103.167 1 0 0.000
103.834 0 0 0.000
104.333 0 0 0.000
104.834 0 0 0.000

106.667 0 0 0.000
107.333 1 0 0.000
108.333 0 0 0.000
109.333 1 0 0.000
110.500 0 0 0.000
111.333 1 0 0.000
112.167 1 0 0.000
113.167 1 0 0.000
114.000 0 0 0.000

114.667 1 0 0.000
115.333 0 0 0.000
115.834 1 0 0.000


	64.000 1 0 0.000
64.667 0 0 0.000
65.333 1 0 0.000
65.667 1 0 0.000
66.000 0 0 0.000
	66.667 1 0 0.000
67.333 0 0 0.000
68.000 1 0 0.000
68.333 1 0 0.000
68.667 0 0 0.000
	69.333 1 0 0.000
70.000 0 0 0.000
70.667 1 0 0.000
71.000 1 0 0.000
71.333 0 0 0.000
	72.000 1 0 0.000
72.667 0 0 0.000
73.333 1 0 0.000
73.667 1 0 0.000
74.000 0 0 0.000


74.667 1 0 0.000
75.000 1 0 0.000
75.333 0 0 0.000
75.667 1 0 0.000
76.000 1 0 0.000
76.333 1 0 0.000
76.667 0 0 0.000
77.000 1 0 0.000
77.333 1 0 0.000
77.667 1 0 0.000
78.000 0 0 0.000
78.333 1 0 0.000
78.667 1 0 0.000
79.000 1 0 0.000
79.333 0 0 0.000
79.667 1 0 0.000
80.000 1 0 0.000
80.333 1 0 0.000
80.667 0 0 0.000
81.000 1 0 0.000
81.333 1 0 0.000
81.667 1 0 0.000
82.000 1 0 0.000

82.333 1 0 0.000
82.500 0 0 0.000
82.667 1 0 0.000
82.834 0 0 0.000
83.000 1 0 0.000
83.167 0 0 0.000
83.333 1 0 0.000
83.500 0 0 0.000

