0.000 1 0 0.000
0.333 1 0 0.000
0.667 1 0 0.000
1.000 1 0 0.000
1.333 1 0 0.000
1.667 1 0 0.000
2.000 1 0 0.000
2.333 1 0 0.000
2.667 1 0 0.000
3.000 1 0 0.000
3.333 1 0 0.000
3.667 1 0 0.000
4.000 1 0 0.000
4.333 1 0 0.000
4.667 1 0 0.000
5.000 1 0 0.000
5.333 1 0 0.000
5.667 1 0 0.000
6.000 1 0 0.000
6.333 1 0 0.000
6.667 1 0 0.000
7.000 1 0 0.000
7.333 1 0 0.000
7.667 1 0 0.000
8.000 1 0 0.000
8.333 1 0 0.000
8.667 1 0 0.000
9.000 1 0 0.000
9.333 1 0 0.000
9.667 1 0 0.000
10.000 1 0 0.000
10.333 1 0 0.000
10.667 1 0 0.000
