8.491 1 0 0.000
8.981 0 0 0.000
9.451 1 0 0.000
9.707 1 0 0.000
9.963 1 0 0.000
10.475 1 0 0.000
10.965 0 0 0.000
11.210 1 0 0.000
11.456 1 0 0.000
11.968 1 0 0.000
12.480 1 0 0.000
12.971 0 0 0.000
13.461 1 0 0.000
13.973 1 0 0.000
14.485 1 0 0.000
14.976 0 0 0.000
15.979 0 1 0.000
16.427 1 0 0.000
16.960 0 0 0.000
17.472 1 0 0.000
17.984 1 0 0.000
18.475 1 0 0.000
18.987 0 0 0.000
19.477 1 0 0.000
19.968 1 0 0.000
20.480 1 0 0.000
20.971 0 0 0.000
21.461 1 0 0.000
21.973 1 0 0.000
24.469 0 0 0.000
24.981 1 0 0.000
25.493 0 0 0.000
25.984 0 0 0.000
26.496 0 0 0.000
26.987 1 0 0.000
27.477 0 0 0.000
27.968 0 0 0.000
28.480 0 0 0.000
28.971 1 0 0.000
29.483 0 0 0.000
29.995 0 0 0.000
30.485 0 0 0.000
30.976 1 0 0.000
32.000 0 1 0.000
32.491 0 0 0.000
32.981 1 0 0.000
33.472 0 0 0.000
33.984 0 0 0.000
34.475 0 0 0.000
34.965 1 0 0.000
35.456 0 0 0.000
35.968 0 0 0.000
36.480 0 0 0.000
36.971 1 0 0.000
37.483 0 0 0.000
37.973 0 0 0.000
40.860 0 3 0.000
40.960 0 0 0.000
42.865 0 3 0.000
42.965 0 0 0.000
44.871 0 3 0.000
44.971 0 0 0.000
46.876 0 3 0.000
46.976 0 0 0.000
47.979 0 1 0.000
48.981 0 1 0.000
50.887 0 3 0.000
50.987 0 0 0.000
52.871 0 3 0.000
52.971 0 0 0.000
64.469 1 0 0.000
64.960 0 0 0.000
65.451 1 0 0.000
65.717 1 0 0.000
65.984 1 0 0.000
66.475 1 0 0.000
66.965 0 0 0.000
67.477 1 0 0.000
67.968 1 0 0.000
68.480 1 0 0.000
68.971 0 0 0.000
69.461 1 0 0.000
69.973 1 0 0.000
70.464 1 0 0.000
70.976 0 0 0.000
71.979 0 1 0.000
72.469 1 0 0.000
72.981 0 0 0.000
73.493 1 0 0.000
73.984 1 0 0.000
74.475 1 0 0.000
74.965 0 0 0.000
75.456 1 0 0.000
75.989 1 0 0.000
76.480 1 0 0.000
76.992 0 0 0.000
77.483 1 0 0.000
77.973 1 0 0.000
80.469 0 0 0.000
80.981 1 0 0.000
81.472 0 0 0.000
81.984 0 0 0.000
82.496 0 0 0.000
82.987 1 0 0.000
83.477 0 0 0.000
83.989 0 0 0.000
84.459 0 0 0.000
84.971 1 0 0.000
85.461 0 0 0.000
85.952 0 0 0.000
86.443 0 0 0.000
86.976 1 0 0.000
87.957 0 1 0.000
88.469 0 0 0.000
88.960 1 0 0.000
89.472 0 0 0.000
89.984 0 0 0.000
90.475 0 0 0.000
90.965 1 0 0.000
91.477 0 0 0.000
91.968 0 0 0.000
92.459 0 0 0.000
92.971 1 0 0.000
93.483 0 0 0.000
93.973 0 0 0.000
96.881 0 3 0.000
96.981 0 0 0.000
98.865 0 3 0.000
98.965 0 0 0.000
100.892 0 3 0.000
100.992 0 0 0.000
102.876 0 3 0.000
102.976 0 0 0.000
103.979 0 1 0.000
104.981 0 1 0.000
106.865 0 3 0.000
106.965 0 0 0.000
108.871 0 3 0.000
108.971 0 0 0.000
