2.560 0 0 0.000
3.029 0 0 0.000
3.285 0 0 0.000
4.523 1 0 0.000
5.013 1 0 0.000
5.269 1 0 0.000
6.571 0 0 0.000
7.083 0 0 0.000
7.275 0 0 0.000
8.405 1 0 0.000
8.853 0 1 0.000
9.323 1 0 0.000
9.536 0 0 0.000
9.771 1 0 0.000
10.347 1 0 0.000
10.880 0 1 0.000
11.520 1 0 0.000
11.797 0 0 0.000
12.075 1 0 0.000
12.864 0 1 0.000
13.291 1 0 0.000
13.632 0 0 0.000
13.867 1 0 0.000
14.123 0 0 0.000
14.571 1 0 0.000
15.061 1 0 0.000
15.211 0 0 0.000
15.552 1 0 0.000
16.107 1 0 0.000
16.811 0 1 0.000
17.280 1 0 0.000
17.579 0 0 0.000
17.835 1 0 0.000
18.112 0 0 0.000
18.795 0 1 0.000
19.477 1 0 0.000
19.755 0 0 0.000
20.053 1 0 0.000
20.779 0 1 0.000
21.461 1 0 0.000
21.760 0 0 0.000
22.123 0 0 0.000
22.656 0 1 0.000
23.104 1 0 0.000
23.232 0 0 0.000
24.299 1 0 0.000
24.832 0 1 0.000
25.472 1 0 0.000
25.749 0 0 0.000
26.069 1 0 0.000
26.816 0 1 0.000
27.499 1 0 0.000
27.755 0 0 0.000
28.096 0 0 0.000
28.672 1 0 0.000
29.099 0 0 0.000
29.269 1 0 0.000
29.824 0 1 0.000
30.272 1 0 0.000
30.592 0 0 0.000
31.104 1 0 0.000
31.211 0 0 0.000
31.573 1 0 0.000
32.299 0 1 0.000
32.853 0 1 0.000
33.536 1 0 0.000
33.813 0 0 0.000
34.133 1 0 0.000
34.645 1 0 0.000
35.093 0 0 0.000
35.157 1 0 0.000
35.584 1 0 0.000
36.117 0 0 0.000
36.565 1 0 0.000
37.077 1 0 0.000
37.269 0 0 0.000
38.592 1 0 0.000
39.083 1 0 0.000
39.275 1 0 0.000
40.277 1 0 0.000
40.853 0 1 0.000
41.323 1 0 0.000
41.899 1 0 0.000
42.347 1 0 0.000
42.859 0 1 0.000
43.371 1 0 0.000
43.904 1 0 0.000
44.352 1 0 0.000
44.821 0 1 0.000
45.376 1 0 0.000
45.867 1 0 0.000
46.357 1 0 0.000
46.848 0 1 0.000
47.317 1 0 0.000
47.787 0 1 0.000
48.384 1 0 0.000
48.875 0 0 0.000
49.387 1 0 0.000
49.835 0 0 0.000
50.411 0 0 0.000
50.816 1 0 0.000
50.880 0 0 0.000
51.349 0 0 0.000
51.883 0 0 0.000
52.373 0 0 0.000
52.757 1 0 0.000
52.821 0 0 0.000
53.333 0 0 0.000
53.867 0 0 0.000
54.571 0 0 0.000
55.061 0 0 0.000
55.211 0 0 0.000
56.597 1 0 0.000
57.109 0 0 0.000
57.280 1 0 0.000
58.560 1 0 0.000
59.093 0 0 0.000
59.264 1 0 0.000
60.544 0 0 0.000
61.077 0 0 0.000
61.291 0 0 0.000
62.592 0 0 0.000
63.104 0 0 0.000
63.253 0 0 0.000
64.363 0 0 0.000
64.875 0 1 0.000
65.408 0 0 0.000
65.835 0 0 0.000
66.368 0 0 0.000
66.837 0 1 0.000
67.392 0 0 0.000
67.883 0 0 0.000
68.352 0 0 0.000
68.843 0 1 0.000
69.355 0 0 0.000
69.845 0 0 0.000
70.336 0 0 0.000
70.784 0 1 0.000
71.339 0 0 0.000
71.829 0 1 0.000
72.363 0 0 0.000
72.768 1 0 0.000
72.832 0 0 0.000
73.344 0 0 0.000
73.856 0 0 0.000
74.347 0 0 0.000
74.752 0 0 0.000
74.816 1 0 0.000
75.349 0 0 0.000
75.861 0 0 0.000
76.352 0 0 0.000
76.779 0 0 0.000
76.843 1 0 0.000
77.333 0 0 0.000
77.824 0 0 0.000
78.507 1 0 0.000
79.104 1 0 0.000
79.253 0 0 0.000
80.320 1 0 0.000
80.597 0 0 0.000
80.832 1 0 0.000
81.387 0 0 0.000
81.835 1 0 0.000
82.517 1 0 0.000
82.880 0 0 0.000
83.349 1 0 0.000
83.605 0 0 0.000
83.861 1 0 0.000
84.373 1 0 0.000
84.885 0 0 0.000
85.333 1 0 0.000
85.632 0 0 0.000
85.888 1 0 0.000
86.528 1 0 0.000
87.104 1 0 0.000
87.253 0 0 0.000
87.595 1 0 0.000
87.936 0 0 0.000
88.213 1 0 0.000
88.789 1 0 0.000
89.493 1 0 0.000
89.728 0 0 0.000
90.069 1 0 0.000
90.645 0 1 0.000
91.093 1 0 0.000
91.243 0 0 0.000
92.523 1 0 0.000
93.013 0 0 0.000
93.184 1 0 0.000
93.504 1 0 0.000
93.739 0 0 0.000
94.059 1 0 0.000
94.613 1 0 0.000
95.061 1 0 0.000
95.232 0 0 0.000
95.509 1 0 0.000
95.808 0 0 0.000
96.149 1 0 0.000
96.789 0 1 0.000
97.344 1 0 0.000
97.600 1 0 0.000
97.835 0 0 0.000
98.133 1 0 0.000
98.389 1 0 0.000
98.837 1 0 0.000
98.901 0 0 0.000
99.392 1 0 0.000
99.627 0 0 0.000
99.840 0 0 0.000
100.053 1 0 0.000
100.331 0 0 0.000
100.864 0 1 0.000
101.397 1 0 0.000
101.653 0 0 0.000
101.845 1 0 0.000
102.101 1 0 0.000
102.336 0 0 0.000
102.592 1 0 0.000
102.784 1 0 0.000
103.061 0 0 0.000
103.360 1 0 0.000
103.595 1 0 0.000
103.829 0 0 0.000
104.085 1 0 0.000
104.363 1 0 0.000
104.811 0 1 0.000
105.344 1 0 0.000
105.856 1 0 0.000
106.112 1 0 0.000
106.389 1 0 0.000
106.859 0 1 0.000
107.371 1 0 0.000
107.605 0 0 0.000
107.840 1 0 0.000
108.096 1 0 0.000
108.352 0 0 0.000
108.885 0 1 0.000
109.397 1 0 0.000
109.632 1 0 0.000
109.824 0 0 0.000
110.080 1 0 0.000
110.357 0 0 0.000
110.976 1 0 0.000
111.232 0 0 0.000
