0.491 0 0 0.000
1.003 0 0 0.000
1.493 0 0 0.000
1.984 0 0 0.000
2.496 0 0 0.000
3.008 0 0 0.000
3.499 0 0 0.000
3.989 0 0 0.000
4.480 0 0 0.000
4.992 0 0 0.000
5.504 0 0 0.000
5.995 0 0 0.000
6.485 0 0 0.000
6.997 0 0 0.000
7.488 0 0 0.000
8.000 0 0 0.000
8.491 0 0 0.000
9.003 0 0 0.000
9.493 0 0 0.000
9.984 0 0 0.000
10.496 0 0 0.000
11.008 0 0 0.000
11.499 0 0 0.000
11.989 0 0 0.000
12.501 0 0 0.000
12.992 0 0 0.000
13.483 0 0 0.000
13.973 0 0 0.000
14.507 0 0 0.000
14.997 0 0 0.000
15.488 0 0 0.000
16.000 0 0 0.000
16.491 0 0 0.000
16.981 0 0 0.000
17.493 0 0 0.000
18.005 0 0 0.000
18.496 0 0 0.000
19.008 0 0 0.000
19.499 0 0 0.000
19.989 0 0 0.000
20.480 0 0 0.000
20.971 0 0 0.000
21.504 0 0 0.000
21.995 0 0 0.000
22.485 0 0 0.000
22.976 0 0 0.000
23.488 0 0 0.000
23.979 0 0 0.000
24.491 0 0 0.000
25.003 0 0 0.000
25.493 0 0 0.000
25.984 0 0 0.000
26.496 0 0 0.000
26.987 0 0 0.000
27.477 0 0 0.000
27.989 0 0 0.000
28.480 0 0 0.000
28.992 0 0 0.000
29.504 0 0 0.000
29.995 0 0 0.000
30.485 0 0 0.000
30.997 0 0 0.000
31.488 0 0 0.000
32.000 0 0 0.000
32.491 0 0 0.000
32.981 0 0 0.000
33.493 0 0 0.000
33.984 0 0 0.000
34.496 0 0 0.000
35.008 0 0 0.000
35.499 0 0 0.000
35.989 0 0 0.000
36.501 0 0 0.000
36.992 0 0 0.000
37.483 0 0 0.000
37.973 0 0 0.000
38.507 0 0 0.000
38.997 0 0 0.000
39.488 0 0 0.000
40.000 0 0 0.000
40.491 0 0 0.000
40.981 0 0 0.000
41.493 0 0 0.000
42.005 0 0 0.000
42.496 0 0 0.000
42.987 0 0 0.000
43.499 0 0 0.000
43.989 0 0 0.000
44.480 0 0 0.000
44.971 0 0 0.000
45.504 0 0 0.000
45.995 0 0 0.000
46.485 0 0 0.000
46.997 0 0 0.000
47.488 0 0 0.000
47.979 0 0 0.000
48.491 0 0 0.000
49.003 0 0 0.000
49.493 0 0 0.000
49.984 0 0 0.000
50.496 0 0 0.000
51.008 0 0 0.000
51.499 0 0 0.000
51.968 0 0 0.000
52.501 0 0 0.000
52.992 0 0 0.000
53.483 0 0 0.000
53.995 0 0 0.000
54.485 0 0 0.000
54.997 0 0 0.000
55.488 0 0 0.000
56.000 0 0 0.000
56.491 0 0 0.000
56.981 0 0 0.000
57.472 0 0 0.000
58.005 0 0 0.000
58.496 0 0 0.000
58.987 0 0 0.000
59.477 0 0 0.000
59.989 0 0 0.000
60.480 0 0 0.000
60.971 0 0 0.000
61.504 0 0 0.000
61.995 0 0 0.000
62.485 0 0 0.000
62.997 0 0 0.000
63.488 0 0 0.000
63.979 0 0 0.000
64.491 0 0 0.000
64.981 0 0 0.000
65.493 0 0 0.000
65.984 0 0 0.000
66.496 0 0 0.000
66.987 0 0 0.000
67.499 0 0 0.000
67.989 0 0 0.000
68.480 0 0 0.000
68.992 0 0 0.000
69.504 0 0 0.000
69.995 0 0 0.000
70.485 0 0 0.000
70.997 0 0 0.000
71.488 0 0 0.000
71.979 0 0 0.000
72.491 0 0 0.000
72.981 0 0 0.000
73.472 0 0 0.000
74.005 0 0 0.000
74.496 0 0 0.000
74.987 0 0 0.000
75.499 0 0 0.000
75.989 0 0 0.000
76.480 0 0 0.000
76.992 0 0 0.000
77.483 0 0 0.000
77.995 0 0 0.000
78.507 0 0 0.000
78.997 0 0 0.000
79.488 0 0 0.000
79.979 0 0 0.000
80.491 0 0 0.000
80.981 0 0 0.000
81.472 0 0 0.000
82.005 0 0 0.000
82.496 0 0 0.000
82.987 0 0 0.000
83.499 0 0 0.000
83.989 0 0 0.000
84.480 0 0 0.000
84.992 0 0 0.000
85.483 0 0 0.000
85.995 0 0 0.000
86.485 0 0 0.000
86.976 0 0 0.000
87.488 0 0 0.000
87.979 0 0 0.000
88.491 0 0 0.000
88.981 0 0 0.000
89.472 0 0 0.000
90.005 0 0 0.000
90.496 0 0 0.000
90.987 0 0 0.000
91.499 0 0 0.000
91.989 0 0 0.000
92.480 0 0 0.000
92.971 0 0 0.000
93.504 0 0 0.000
93.995 0 0 0.000
94.485 0 0 0.000
94.976 0 0 0.000
95.488 0 0 0.000
95.979 0 0 0.000
96.469 0 0 0.000
96.981 0 0 0.000
97.493 0 0 0.000
97.984 0 0 0.000
98.475 0 0 0.000
99.008 0 0 0.000
99.499 0 0 0.000
99.989 0 0 0.000
100.480 0 0 0.000
100.992 0 0 0.000
101.483 0 0 0.000
101.995 0 0 0.000
102.507 0 0 0.000
102.997 0 0 0.000
103.488 0 0 0.000
104.000 0 0 0.000
104.491 0 0 0.000
104.981 0 0 0.000
105.472 0 0 0.000
106.005 0 0 0.000
106.496 0 0 0.000
106.987 0 0 0.000
107.499 0 0 0.000
107.989 0 0 0.000
108.480 0 0 0.000
108.992 0 0 0.000
109.483 0 0 0.000
109.995 0 0 0.000
110.485 0 0 0.000
110.997 0 0 0.000
111.488 0 0 0.000
111.979 0 0 0.000
112.491 0 0 0.000
112.981 0 0 0.000
