0.491 0 0 0.000
0.981 0 0 0.000
1.493 0 0 0.000
1.984 0 0 0.000
2.475 0 0 0.000
2.987 0 0 0.000
3.477 0 0 0.000
3.968 0 0 0.000
4.501 0 0 0.000
4.992 0 0 0.000
5.483 0 0 0.000
5.973 0 0 0.000
6.507 0 0 0.000
6.976 0 0 0.000
7.467 0 0 0.000
8.000 0 0 0.000
8.491 0 0 0.000
8.981 0 0 0.000
9.472 0 0 0.000
10.005 0 0 0.000
10.496 0 0 0.000
10.987 0 0 0.000
11.477 0 0 0.000
11.989 0 0 0.000
12.480 0 0 0.000
12.971 0 0 0.000
13.504 0 0 0.000
13.995 0 0 0.000
14.485 0 0 0.000
14.997 0 0 0.000
15.488 0 0 0.000
15.979 0 0 0.000
16.491 0 0 0.000
16.981 0 0 0.000
17.472 0 0 0.000
17.984 0 0 0.000
18.496 0 0 0.000
18.987 0 0 0.000
19.477 0 0 0.000
19.968 0 0 0.000
20.501 0 0 0.000
20.992 0 0 0.000
21.483 0 0 0.000
21.995 0 0 0.000
22.507 0 0 0.000
22.976 0 0 0.000
23.467 0 0 0.000
23.979 0 0 0.000
24.491 0 0 0.000
24.981 0 0 0.000
25.472 0 0 0.000
25.984 0 0 0.000
26.496 0 0 0.000
26.987 0 0 0.000
27.499 0 0 0.000
27.989 0 0 0.000
28.480 0 0 0.000
28.971 0 0 0.000
29.504 0 0 0.000
29.995 0 0 0.000
30.485 0 0 0.000
30.976 0 0 0.000
31.488 0 0 0.000
31.979 0 0 0.000
32.491 0 0 0.000
33.003 0 0 0.000
33.493 0 0 0.000
33.984 0 0 0.000
34.475 0 0 0.000
34.987 0 0 0.000
35.477 0 0 0.000
35.989 0 0 0.000
36.501 0 0 0.000
36.992 0 0 0.000
37.483 0 0 0.000
37.973 0 0 0.000
38.485 0 0 0.000
38.976 0 0 0.000
39.467 0 0 0.000
40.000 0 0 0.000
40.491 0 0 0.000
40.981 0 0 0.000
41.472 0 0 0.000
41.984 0 0 0.000
42.496 0 0 0.000
42.987 0 0 0.000
43.477 0 0 0.000
43.989 0 0 0.000
44.480 0 0 0.000
44.971 0 0 0.000
45.504 0 0 0.000
45.995 0 0 0.000
46.485 0 0 0.000
46.997 0 0 0.000
47.488 0 0 0.000
47.979 0 0 0.000
48.469 0 0 0.000
48.981 0 0 0.000
49.493 0 0 0.000
49.984 0 0 0.000
50.496 0 0 0.000
50.987 0 0 0.000
51.477 0 0 0.000
51.989 0 0 0.000
52.480 0 0 0.000
52.992 0 0 0.000
53.483 0 0 0.000
53.995 0 0 0.000
54.485 0 0 0.000
54.976 0 0 0.000
55.488 0 0 0.000
55.979 0 0 0.000
56.469 0 0 0.000
56.981 0 0 0.000
57.472 0 0 0.000
58.005 0 0 0.000
58.496 0 0 0.000
58.987 0 0 0.000
59.477 0 0 0.000
59.989 0 0 0.000
60.480 0 0 0.000
60.971 0 0 0.000
61.483 0 0 0.000
61.973 0 0 0.000
62.485 0 0 0.000
62.976 0 0 0.000
63.488 0 0 0.000
63.979 0 0 0.000
64.491 0 0 0.000
64.981 0 0 0.000
65.493 0 0 0.000
65.984 0 0 0.000
66.475 0 0 0.000
66.987 0 0 0.000
67.477 0 0 0.000
67.968 0 0 0.000
68.501 0 0 0.000
68.992 0 0 0.000
69.483 0 0 0.000
69.995 0 0 0.000
70.485 0 0 0.000
70.976 0 0 0.000
71.488 0 0 0.000
71.979 0 0 0.000
72.469 0 0 0.000
73.003 0 0 0.000
73.493 0 0 0.000
73.984 0 0 0.000
74.475 0 0 0.000
74.987 0 0 0.000
75.477 0 0 0.000
75.968 0 0 0.000
76.480 0 0 0.000
76.992 0 0 0.000
77.483 0 0 0.000
77.995 0 0 0.000
78.485 0 0 0.000
78.976 0 0 0.000
79.488 0 0 0.000
79.979 0 0 0.000
80.491 0 0 0.000
80.981 0 0 0.000
81.472 0 0 0.000
81.984 0 0 0.000
82.496 0 0 0.000
82.987 0 0 0.000
83.477 0 0 0.000
83.989 0 0 0.000
84.480 0 0 0.000
84.992 0 0 0.000
85.483 0 0 0.000
85.973 0 0 0.000
86.485 0 0 0.000
86.976 0 0 0.000
87.488 0 0 0.000
87.979 0 0 0.000
88.491 0 0 0.000
88.981 0 0 0.000
89.472 0 0 0.000
90.005 0 0 0.000
90.496 0 0 0.000
90.987 0 0 0.000
91.477 0 0 0.000
91.989 0 0 0.000
92.480 0 0 0.000
92.971 0 0 0.000
93.483 0 0 0.000
93.973 0 0 0.000
94.485 0 0 0.000
94.976 0 0 0.000
95.467 0 0 0.000
95.979 0 0 0.000
96.491 0 0 0.000
96.981 0 0 0.000
97.472 0 0 0.000
97.984 0 0 0.000
98.475 0 0 0.000
98.987 0 0 0.000
99.477 0 0 0.000
99.968 0 0 0.000
100.480 0 0 0.000
100.992 0 0 0.000
101.483 0 0 0.000
101.995 0 0 0.000
102.485 0 0 0.000
102.976 0 0 0.000
103.488 0 0 0.000
103.979 0 0 0.000
104.469 0 0 0.000
105.003 0 0 0.000
105.493 0 0 0.000
105.984 0 0 0.000
106.475 0 0 0.000
106.987 0 0 0.000
107.477 0 0 0.000
107.968 0 0 0.000
108.480 0 0 0.000
108.992 0 0 0.000
109.483 0 0 0.000
109.973 0 0 0.000
110.485 0 0 0.000
110.976 0 0 0.000
111.467 0 0 0.000
111.979 0 0 0.000
112.491 0 0 0.000
112.981 0 0 0.000
