0.427 1 0 0.000
0.512 0 0 0.000
0.704 0 0 0.000
0.896 1 0 0.000
1.109 0 0 0.000
1.451 0 0 0.000
1.749 1 0 0.000
2.155 1 0 0.000
2.389 0 0 0.000
2.603 1 0 0.000
2.795 1 0 0.000
3.008 0 0 0.000
3.243 0 0 0.000
3.477 1 0 0.000
3.691 1 0 0.000
3.904 0 0 0.000
4.096 0 0 0.000
4.352 1 0 0.000
4.565 0 0 0.000
4.864 0 0 0.000
5.205 1 0 0.000
5.547 1 0 0.000
5.803 0 0 0.000
6.037 1 0 0.000
6.251 1 0 0.000
6.464 0 0 0.000
6.699 0 0 0.000
6.891 1 0 0.000
7.125 1 0 0.000
7.317 0 0 0.000
7.531 0 0 0.000
7.744 1 0 0.000
7.957 0 0 0.000
8.277 0 0 0.000
8.576 1 0 0.000
9.003 1 0 0.000
9.195 0 0 0.000
9.429 1 0 0.000
9.643 1 0 0.000
9.856 0 0 0.000
10.048 0 0 0.000
10.261 1 0 0.000
10.496 1 0 0.000
10.731 0 0 0.000
10.923 0 0 0.000
11.115 1 0 0.000
11.328 0 0 0.000
11.669 0 0 0.000
11.989 1 0 0.000
12.373 1 0 0.000
12.587 0 0 0.000
12.800 1 0 0.000
13.056 1 0 0.000
13.269 1 0 0.000
13.461 0 0 0.000
13.653 0 0 0.000
