0.400 1 0 0.000
0.600 0 0 0.000
0.800 0 0 0.000
1.000 1 0 0.000
1.200 0 0 0.000
1.500 0 0 0.000
1.800 1 0 0.000
2.200 1 0 0.000
2.400 0 0 0.000
2.600 1 0 0.000
2.800 1 0 0.000
3.000 0 0 0.000
3.200 0 0 0.000
3.400 1 0 0.000
3.600 1 0 0.000
3.800 0 0 0.000
4.000 0 0 0.000
4.200 1 0 0.000
4.400 0 0 0.000
4.700 0 0 0.000
5.000 1 0 0.000
5.400 1 0 0.000
5.600 0 0 0.000
5.800 1 0 0.000
6.000 1 0 0.000
6.200 0 0 0.000
6.400 0 0 0.000
6.600 1 0 0.000
6.800 1 0 0.000
7.000 0 0 0.000
7.200 0 0 0.000
7.400 1 0 0.000
7.600 0 0 0.000
7.900 0 0 0.000
8.200 1 0 0.000
8.600 1 0 0.000
8.800 0 0 0.000
9.000 1 0 0.000
9.200 1 0 0.000
9.400 0 0 0.000
9.600 0 0 0.000
9.800 1 0 0.000
10.000 1 0 0.000
10.200 0 0 0.000
10.400 0 0 0.000
10.600 1 0 0.000
10.800 0 0 0.000
11.100 0 0 0.000
11.400 1 0 0.000
11.800 1 0 0.000
12.000 0 0 0.000
12.200 1 0 0.000
12.400 1 0 0.000
12.600 1 0 0.000
12.800 0 0 0.000
13.000 0 0 0.000
